> -Z4.5302615211667465
-120.64445882000001 37.7951676275
-120.6185750381 36.6347281573
-120.5373001037 39.3374641346
> -Z2.458375066974285
-120.82825018770001 41.3591976609
-120.80596150150001 40.4185884594
-120.5373001037 39.3374641346
> -Z1.9941740008120956
-121.50693799550001 41.7115705804
-120.82825018770001 41.3591976609
-121.22160103370001 42.4183415088
> -Z2.3862499937244364
-122.3668841999 37.192373542
-123.0007673689 37.6972084414
-121.90541096679999 36.6216778057
> -Z2.3083085252220004
-120.69319464750001 38.8292354578
-120.64445882000001 37.7951676275
-120.5373001037 39.3374641346
> -Z2.0184974802455575
-120.8929861636 39.4667043263
-120.69319464750001 38.8292354578
-120.5373001037 39.3374641346
> -Z1.4797454091280275
-120.69319464750001 38.8292354578
-120.8929861636 39.4667043263
-121.0951654831 38.6453082246
> -Z4.425814402408143
-120.6185750381 36.6347281573
-120.74305324919999 36.8062916727
-120.8530565232 36.5159093243
> -Z3.443395902905725
-121.0577297486 37.1695560696
-120.7052960684 37.0543837457
-121.10058026050001 37.4330203629
> -Z2.7726120416607243
-120.7052960684 37.0543837457
-120.64445882000001 37.7951676275
-121.10058026050001 37.4330203629
> -Z1.7871394549026594
-120.74305324919999 36.8062916727
-120.7052960684 37.0543837457
-121.0577297486 37.1695560696
> -Z4.153518114925976
-120.64445882000001 37.7951676275
-120.7052960684 37.0543837457
-120.6185750381 36.6347281573
> -Z3.8011725716812257
-120.7052960684 37.0543837457
-120.74305324919999 36.8062916727
-120.6185750381 36.6347281573
> -Z3.112312059162475
-120.64445882000001 37.7951676275
-121.07155741860001 37.6989823182
-121.10058026050001 37.4330203629
> -Z3.1929490103437304
-120.94442845610001 39.9745542971
-120.80596150150001 40.4185884594
-121.42820857909999 40.4091417171
> -Z1.8689541756460624
-120.8929861636 39.4667043263
-121.50029106490001 39.5546274432
-121.0951654831 38.6453082246
> -Z2.8809541920267567
-121.50029106490001 39.5546274432
-120.94442845610001 39.9745542971
-121.42820857909999 40.4091417171
> -Z2.333670243644234
-121.4698991809 40.8159176651
-121.6130149482 41.5858237336
-121.8280032699 40.905546303
> -Z1.96923276552125
-121.77969763639999 42.2596708008
-121.6130149482 41.5858237336
-121.50693799550001 41.7115705804
> -Z1.7716686836997309
-121.77969763639999 42.2596708008
-121.50693799550001 41.7115705804
-121.22160103370001 42.4183415088
> -Z1.5415931855929248
-121.8801278979 42.5798305615
-121.77969763639999 42.2596708008
-121.22160103370001 42.4183415088
> -Z2.901969030959693
-122.30386953959999 39.1093022584
-122.4304841812 39.5280805611
-122.7185681608 39.2600453511
> -Z3.921138910951829
-122.3668841999 37.192373542
-122.4950530991 37.5281687809
-123.0007673689 37.6972084414
> -Z3.0365613282067834
-121.28327242489999 37.3853896231
-121.0577297486 37.1695560696
-121.10058026050001 37.4330203629
> -Z2.2005892140584953
-120.69319464750001 38.8292354578
-120.951237886 38.0899908072
-120.64445882000001 37.7951676275
> -Z1.3706811702830601
-120.951237886 38.0899908072
-121.07155741860001 37.6989823182
-120.64445882000001 37.7951676275
> -Z1.5430460399695345
-120.951237886 38.0899908072
-120.69319464750001 38.8292354578
-121.0951654831 38.6453082246
> -Z1.632893398019811
-121.2145867079 38.3215294865
-120.951237886 38.0899908072
-121.0951654831 38.6453082246
> -Z2.2079049356547102
-120.951237886 38.0899908072
-121.2145867079 38.3215294865
-121.3880782151 38.1158128469
> -Z2.050607882164953
-121.07155741860001 37.6989823182
-120.951237886 38.0899908072
-121.3880782151 38.1158128469
> -Z1.8966385795432747
-120.8674642757 39.7947103793
-120.8929861636 39.4667043263
-120.5373001037 39.3374641346
> -Z2.988096085870819
-120.80596150150001 40.4185884594
-120.8674642757 39.7947103793
-120.5373001037 39.3374641346
> -Z1.381874840779556
-120.94442845610001 39.9745542971
-120.8674642757 39.7947103793
-120.80596150150001 40.4185884594
> -Z1.8762937568877642
-120.8674642757 39.7947103793
-121.50029106490001 39.5546274432
-120.8929861636 39.4667043263
> -Z2.512746168224287
-121.50029106490001 39.5546274432
-120.8674642757 39.7947103793
-120.94442845610001 39.9745542971
> -Z0.47340372591568536
-122.41488452589999 40.997632759
-122.9230289091 40.7475534711
-122.6069004677 40.6506567125
> -Z2.4095418581607366
-122.02797207430001 39.9291236129
-121.50029106490001 39.5546274432
-121.42820857909999 40.4091417171
> -Z2.527454879615479
-122.02797207430001 39.9291236129
-121.60378663220001 40.4921251245
-122.2708067556 40.2712349004
> -Z3.332685772859216
-122.0676778827 41.4095919274
-121.6130149482 41.5858237336
-122.0926636756 41.4537339971
> -Z2.6455104589529475
-121.6130149482 41.5858237336
-122.0676778827 41.4095919274
-121.8280032699 40.905546303
> -Z2.307933401493946
-120.94846193640001 41.1833437269
-120.80596150150001 40.4185884594
-120.82825018770001 41.3591976609
> -Z2.161568746977585
-120.94846193640001 41.1833437269
-121.4698991809 40.8159176651
-120.80596150150001 40.4185884594
> -Z4.471093366395696
-120.80596150150001 40.4185884594
-121.4630771933 40.5089943586
-121.42820857909999 40.4091417171
> -Z3.0907858999581235
-121.4698991809 40.8159176651
-121.4630771933 40.5089943586
-120.80596150150001 40.4185884594
> -Z4.445016328485301
-121.60378663220001 40.4921251245
-121.5771966289 40.5399057768
-121.8280032699 40.905546303
> -Z0.9644645859122015
-121.5771966289 40.5399057768
-121.4698991809 40.8159176651
-121.8280032699 40.905546303
> -Z3.9387496313940673
-121.5771966289 40.5399057768
-121.4630771933 40.5089943586
-121.4698991809 40.8159176651
> -Z4.616672731261612
-123.0747277415 38.9951846956
-122.91700544099999 38.8661131887
-122.7185681608 39.2600453511
> -Z2.8698474692733233
-122.0552134763 39.2437703843
-122.30386953959999 39.1093022584
-121.94306295780001 39.1454821353
> -Z1.2576884490064442
-122.30386953959999 39.1093022584
-122.0552134763 39.2437703843
-122.4304841812 39.5280805611
> -Z0.5177709996849262
-122.0552134763 39.2437703843
-122.02797207430001 39.9291236129
-122.4304841812 39.5280805611
> -Z4.602007284995977
-123.1812463988 38.4950158107
-123.2295642887 38.6678574409
-123.72619817649999 38.9283474536
> -Z4.731078756296436
-123.2295642887 38.6678574409
-122.91700544099999 38.8661131887
-123.0747277415 38.9951846956
> -Z4.109983255369145
-122.2376113649 37.0612325127
-122.3668841999 37.192373542
-121.90541096679999 36.6216778057
> -Z3.7254111006278325
-122.1267158407 37.069255734
-122.2376113649 37.0612325127
-121.90541096679999 36.6216778057
> -Z4.412053399117071
-122.4950530991 37.5281687809
-122.45815133400001 37.7629691398
-123.0007673689 37.6972084414
> -Z4.325957026716106
-122.2376113649 37.0612325127
-122.2142850198 37.3298883437
-122.3668841999 37.192373542
> -Z4.11983282545033
-122.2142850198 37.3298883437
-122.2376113649 37.0612325127
-122.1267158407 37.069255734
> -Z4.590907783450855
-122.3323649649 37.5345199606
-122.45815133400001 37.7629691398
-122.4950530991 37.5281687809
> -Z4.313041321314377
-122.08326460640001 37.5392403708
-122.3323649649 37.5345199606
-122.2042637696 37.4165180364
> -Z3.3804467707631547
-121.2684383779 36.9500358199
-120.74305324919999 36.8062916727
-121.0577297486 37.1695560696
> -Z2.470698694317532
-121.2145867079 38.3215294865
-121.46051266539999 38.2831237667
-121.3880782151 38.1158128469
> -Z3.090887204017297
-121.7145501281 38.657350837
-121.82059915190001 39.2058363538
-121.94306295780001 39.1454821353
> -Z3.601255645177817
-121.82059915190001 39.2058363538
-122.0552134763 39.2437703843
-121.94306295780001 39.1454821353
> -Z2.05542969164224
-121.50029106490001 39.5546274432
-121.82059915190001 39.2058363538
-121.0951654831 38.6453082246
> -Z2.2740985505423277
-121.82059915190001 39.2058363538
-121.7145501281 38.657350837
-121.0951654831 38.6453082246
> -Z1.629642192497903
-122.02797207430001 39.9291236129
-121.82059915190001 39.2058363538
-121.50029106490001 39.5546274432
> -Z-1.0266466844179198
-122.0552134763 39.2437703843
-121.82059915190001 39.2058363538
-122.02797207430001 39.9291236129
> -Z2.444178426442052
-122.4304841812 39.5280805611
-122.73587203189999 39.4935925265
-122.7185681608 39.2600453511
> -Z2.5647634626983433
-122.87363753259999 39.7261905448
-122.73587203189999 39.4935925265
-122.4304841812 39.5280805611
> -Z3.551081305680727
-123.88260674380001 41.1516706055
-123.86328112179999 40.8802331218
-123.3342105113 40.8871286777
> -Z4.2051371313818375
-124.2370365047 40.6910953818
-124.15086695080001 41.0538863959
-124.2551996174 41.782741502
> -Z1.622057376816149
-122.6563714223 42.190987492
-121.77969763639999 42.2596708008
-121.8801278979 42.5798305615
> -Z2.172436506738044
-122.9230289091 40.7475534711
-123.1887862106 41.2724354316
-123.3342105113 40.8871286777
> -Z2.8145893518592966
-123.1887862106 41.2724354316
-123.88260674380001 41.1516706055
-123.3342105113 40.8871286777
> -Z2.1466570169216066
-123.1887862106 41.2724354316
-123.36005021119999 41.8070831946
-123.88260674380001 41.1516706055
> -Z2.038153409674966
-122.41488452589999 40.997632759
-123.1887862106 41.2724354316
-122.9230289091 40.7475534711
> -Z1.9142204572582777
-122.54065013850001 40.5801008661
-122.6682500076 40.0341111728
-122.2708067556 40.2712349004
> -Z2.2399900087974913
-122.6682500076 40.0341111728
-122.87363753259999 39.7261905448
-122.4304841812 39.5280805611
> -Z1.597154262813915
-122.6682500076 40.0341111728
-122.02797207430001 39.9291236129
-122.2708067556 40.2712349004
> -Z0.955750191034681
-122.02797207430001 39.9291236129
-122.6682500076 40.0341111728
-122.4304841812 39.5280805611
> -Z1.583596367058775
-122.41488452589999 40.997632759
-122.3193513978 40.7310859449
-121.8280032699 40.905546303
> -Z1.9386013644022393
-122.3193513978 40.7310859449
-122.54065013850001 40.5801008661
-122.2708067556 40.2712349004
> -Z2.187512065691766
-122.54065013850001 40.5801008661
-122.3193513978 40.7310859449
-122.6069004677 40.6506567125
> -Z1.58019400451862
-122.3193513978 40.7310859449
-122.41488452589999 40.997632759
-122.6069004677 40.6506567125
> -Z2.731109743716537
-121.60378663220001 40.4921251245
-122.3193513978 40.7310859449
-122.2708067556 40.2712349004
> -Z2.7175259074454385
-122.3193513978 40.7310859449
-121.60378663220001 40.4921251245
-121.8280032699 40.905546303
> -Z2.0901179704942776
-122.20632204500001 41.2944862934
-122.41488452589999 40.997632759
-121.8280032699 40.905546303
> -Z2.1930287408399516
-122.0676778827 41.4095919274
-122.20632204500001 41.2944862934
-121.8280032699 40.905546303
> -Z2.4085299118909425
-121.4698991809 40.8159176651
-121.4899859747 41.6163228444
-121.6130149482 41.5858237336
> -Z2.2618024961811476
-120.94846193640001 41.1833437269
-121.4899859747 41.6163228444
-121.4698991809 40.8159176651
> -Z2.7949456631269203
-121.6130149482 41.5858237336
-121.4899859747 41.6163228444
-121.50693799550001 41.7115705804
> -Z3.713194652496396
-121.50693799550001 41.7115705804
-121.4899859747 41.6163228444
-120.82825018770001 41.3591976609
> -Z2.5456686247549576
-121.4899859747 41.6163228444
-120.94846193640001 41.1833437269
-120.82825018770001 41.3591976609
> -Z4.49671211234042
-121.52575478680001 40.4561285746
-122.02797207430001 39.9291236129
-121.42820857909999 40.4091417171
> -Z4.571773591768338
-122.02797207430001 39.9291236129
-121.52575478680001 40.4561285746
-121.60378663220001 40.4921251245
> -Z4.568160415143558
-121.52575478680001 40.4561285746
-121.5771966289 40.5399057768
-121.60378663220001 40.4921251245
> -Z3.4617222009814634
-122.74264230840001 38.2981444852
-122.6074507415 38.2598750312
-122.76738651529999 38.428561866
> -Z3.271433099383497
-123.0007673689 37.6972084414
-123.01871960560001 37.9961755637
-123.72619817649999 38.9283474536
> -Z4.461874847058152
-123.01871960560001 37.9961755637
-123.1812463988 38.4950158107
-123.72619817649999 38.9283474536
> -Z3.996331581594221
-123.0688881081 38.3136641315
-122.74264230840001 38.2981444852
-122.76738651529999 38.428561866
> -Z3.9786612282124274
-123.01871960560001 37.9961755637
-123.0688881081 38.3136641315
-123.1812463988 38.4950158107
> -Z4.160794928027123
-123.0688881081 38.3136641315
-123.01871960560001 37.9961755637
-122.9081421384 38.1229378041
> -Z4.419237057991594
-122.9593087081 38.6646662454
-123.0688881081 38.3136641315
-122.76738651529999 38.428561866
> -Z4.235126187540717
-123.0688881081 38.3136641315
-122.9593087081 38.6646662454
-123.1812463988 38.4950158107
> -Z4.3651355514790655
-122.9593087081 38.6646662454
-123.2295642887 38.6678574409
-123.1812463988 38.4950158107
> -Z4.837773662229506
-123.2295642887 38.6678574409
-122.9593087081 38.6646662454
-122.91700544099999 38.8661131887
> -Z4.429885365629737
-122.6074507415 38.2598750312
-122.49600070380001 38.4235814159
-122.76738651529999 38.428561866
> -Z3.705148358011929
-122.35455414200001 38.9995257546
-122.30386953959999 39.1093022584
-122.7185681608 39.2600453511
> -Z3.938487813226822
-122.30386953959999 39.1093022584
-122.35455414200001 38.9995257546
-121.94306295780001 39.1454821353
> -Z4.39581870660386
-123.3484295753 38.9874495699
-123.2295642887 38.6678574409
-123.0747277415 38.9951846956
> -Z4.546141373628954
-123.3484295753 38.9874495699
-123.5181530909 39.1501795057
-123.72619817649999 38.9283474536
> -Z4.525093745909098
-123.2295642887 38.6678574409
-123.3484295753 38.9874495699
-123.72619817649999 38.9283474536
> -Z4.155993693405662
-121.99083726570001 37.2017134269
-121.7139606611 37.2035152059
-121.82558615010001 37.3367765156
> -Z4.119848952355325
-123.01871960560001 37.9961755637
-122.5263198618 38.033180082
-122.9081421384 38.1229378041
> -Z4.355318327086005
-122.45815133400001 37.7629691398
-122.5263198618 38.033180082
-123.0007673689 37.6972084414
> -Z4.268711318405061
-122.5263198618 38.033180082
-123.01871960560001 37.9961755637
-123.0007673689 37.6972084414
> -Z4.523157654667214
-122.0583285802 37.7138664271
-122.08326460640001 37.5392403708
-121.9779566853 37.7494357983
> -Z4.470899552845877
-121.86273444860001 36.9620114053
-121.99083726570001 37.2017134269
-122.1267158407 37.069255734
> -Z4.394316488813098
-121.99083726570001 37.2017134269
-121.86273444860001 36.9620114053
-121.7965697635 37.0010211033
> -Z3.2599913041075887
-121.86273444860001 36.9620114053
-122.1267158407 37.069255734
-121.90541096679999 36.6216778057
> -Z4.575335472529184
-121.99083726570001 37.2017134269
-122.0990501672 37.3369530474
-122.1267158407 37.069255734
> -Z4.647257950899233
-122.0990501672 37.3369530474
-122.2142850198 37.3298883437
-122.1267158407 37.069255734
> -Z4.758060551851303
-122.2142850198 37.3298883437
-122.0990501672 37.3369530474
-122.2042637696 37.4165180364
> -Z4.436497565588409
-122.0990501672 37.3369530474
-122.08326460640001 37.5392403708
-122.2042637696 37.4165180364
> -Z4.089870162144955
-122.0990501672 37.3369530474
-121.99083726570001 37.2017134269
-121.82558615010001 37.3367765156
> -Z4.853204968701613
-122.3323649649 37.5345199606
-122.3571407981 37.4717736909
-122.2042637696 37.4165180364
> -Z4.404421183926009
-122.3571407981 37.4717736909
-122.4950530991 37.5281687809
-122.3668841999 37.192373542
> -Z4.724541849662907
-122.3571407981 37.4717736909
-122.3323649649 37.5345199606
-122.4950530991 37.5281687809
> -Z3.768288817493807
-121.28327242489999 37.3853896231
-121.46919599840001 37.4896329364
-121.57426030139999 37.2130116079
> -Z4.589804312782623
-121.86686567769999 37.4853261852
-122.0990501672 37.3369530474
-121.82558615010001 37.3367765156
> -Z4.908629687728135
-122.0990501672 37.3369530474
-121.86686567769999 37.4853261852
-122.08326460640001 37.5392403708
> -Z4.909283792903741
-122.08326460640001 37.5392403708
-121.86686567769999 37.4853261852
-121.9779566853 37.7494357983
> -Z3.264734329409578
-121.46051266539999 38.2831237667
-121.60483985260001 37.9319647791
-121.3880782151 38.1158128469
> -Z2.474720244187313
-120.74305324919999 36.8062916727
-121.0644115886 36.6116456136
-120.8530565232 36.5159093243
> -Z3.4084231191395196
-121.2684383779 36.9500358199
-121.0644115886 36.6116456136
-120.74305324919999 36.8062916727
> -Z4.098529419590044
-121.2684383779 36.9500358199
-121.3545177101 37.0108240402
-121.3351529027 36.9181894594
> -Z3.538767692260666
-121.3545177101 37.0108240402
-121.28327242489999 37.3853896231
-121.57426030139999 37.2130116079
> -Z3.0398012409086155
-121.28327242489999 37.3853896231
-121.3545177101 37.0108240402
-121.0577297486 37.1695560696
> -Z3.7985882532013973
-121.3545177101 37.0108240402
-121.2684383779 36.9500358199
-121.0577297486 37.1695560696
> -Z4.250949865054228
-122.73587203189999 39.4935925265
-122.96306509280001 39.3981242279
-122.7185681608 39.2600453511
> -Z4.588977896947411
-122.96306509280001 39.3981242279
-123.0747277415 38.9951846956
-122.7185681608 39.2600453511
> -Z4.007278248159589
-123.2950793023 39.7070973257
-122.9637566888 39.8456805102
-123.18248187859999 39.9621444892
> -Z2.1969463112920793
-122.6682500076 40.0341111728
-122.9637566888 39.8456805102
-122.87363753259999 39.7261905448
> -Z3.3283036639770236
-123.5730645642 40.4788610542
-123.6989304958 40.5753144942
-123.8628283553 40.4351839266
> -Z3.5138960969007007
-123.86328112179999 40.8802331218
-123.6989304958 40.5753144942
-123.3342105113 40.8871286777
> -Z3.1533138547487702
-124.07536957619999 40.8763065884
-123.86328112179999 40.8802331218
-123.88260674380001 41.1516706055
> -Z3.8392283887760232
-124.15086695080001 41.0538863959
-124.07536957619999 40.8763065884
-123.88260674380001 41.1516706055
> -Z3.5346547773283095
-123.86328112179999 40.8802331218
-124.07536957619999 40.8763065884
-123.96765256130001 40.7911453506
> -Z3.249644270588414
-124.07536957619999 40.8763065884
-124.2370365047 40.6910953818
-123.96765256130001 40.7911453506
> -Z3.683783677257506
-124.07536957619999 40.8763065884
-124.15086695080001 41.0538863959
-124.2370365047 40.6910953818
> -Z2.4583544705540925
-123.36005021119999 41.8070831946
-124.0861440146 41.5591335914
-123.88260674380001 41.1516706055
> -Z3.0472872809220246
-123.9807895667 41.8454853037
-124.0861440146 41.5591335914
-123.36005021119999 41.8070831946
> -Z3.6315117236677095
-124.0861440146 41.5591335914
-123.9807895667 41.8454853037
-124.2551996174 41.782741502
> -Z3.3779190955875937
-124.15086695080001 41.0538863959
-124.0861440146 41.5591335914
-124.2551996174 41.782741502
> -Z3.637197635303721
-124.0861440146 41.5591335914
-124.15086695080001 41.0538863959
-123.88260674380001 41.1516706055
> -Z4.463832368327468
-124.2551996174 41.782741502
-124.2932565335 42.0766354493
-124.41329712640001 42.4420164622
> -Z3.2989814852021935
-123.9807895667 41.8454853037
-124.2932565335 42.0766354493
-124.2551996174 41.782741502
> -Z3.484326199269947
-124.2932565335 42.0766354493
-124.22578821740001 42.2091045552
-124.41329712640001 42.4420164622
> -Z3.142453333912898
-124.22578821740001 42.2091045552
-124.2932565335 42.0766354493
-123.9807895667 41.8454853037
> -Z1.5399401270577888
-123.23099882029999 42.6916104026
-122.6563714223 42.190987492
-121.8801278979 42.5798305615
> -Z4.077675894376592
-124.05729013160001 40.2195723201
-123.8532648906 40.245549453
-123.8628283553 40.4351839266
> -Z3.5083990998551156
-124.10720816130001 40.4224910882
-124.05729013160001 40.2195723201
-123.8628283553 40.4351839266
> -Z4.661334351144008
-124.05729013160001 40.2195723201
-124.10720816130001 40.4224910882
-124.3080740321 40.2475475532
> -Z3.8412300538570348
-123.4520465242 40.0822151161
-123.6557375966 40.2568384399
-123.69334060770001 40.1192568889
> -Z3.154923149534648
-123.6557375966 40.2568384399
-123.4520465242 40.0822151161
-123.5730645642 40.4788610542
> -Z3.3452198478906636
-123.6557375966 40.2568384399
-123.8532648906 40.245549453
-123.69334060770001 40.1192568889
> -Z3.924156539192853
-123.6557375966 40.2568384399
-123.5730645642 40.4788610542
-123.8628283553 40.4351839266
> -Z3.585590550960209
-123.8532648906 40.245549453
-123.6557375966 40.2568384399
-123.8628283553 40.4351839266
> -Z3.78506082263794
-123.394947721 39.8972210422
-123.2950793023 39.7070973257
-123.18248187859999 39.9621444892
> -Z4.8170067600574225
-123.4520465242 40.0822151161
-123.394947721 39.8972210422
-123.18248187859999 39.9621444892
> -Z1.2660108981423042
-122.6563714223 42.190987492
-122.42045610279999 41.8308162755
-121.77969763639999 42.2596708008
> -Z2.6867069862259023
-123.17450431290001 40.5466509228
-123.32414305629999 40.7329149148
-123.5730645642 40.4788610542
> -Z1.618928848891908
-123.6989304958 40.5753144942
-123.32414305629999 40.7329149148
-123.3342105113 40.8871286777
> -Z2.956036077320537
-123.32414305629999 40.7329149148
-123.6989304958 40.5753144942
-123.5730645642 40.4788610542
> -Z2.3398614540313982
-123.32414305629999 40.7329149148
-122.9230289091 40.7475534711
-123.3342105113 40.8871286777
> -Z2.872828934870563
-123.32414305629999 40.7329149148
-123.17450431290001 40.5466509228
-122.9230289091 40.7475534711
> -Z3.672678033746868
-123.4520465242 40.0822151161
-123.13558202339999 40.3240694224
-123.5730645642 40.4788610542
> -Z1.3174162971980705
-123.13558202339999 40.3240694224
-123.17450431290001 40.5466509228
-123.5730645642 40.4788610542
> -Z3.68083835052719
-123.13558202339999 40.3240694224
-123.4520465242 40.0822151161
-123.18248187859999 39.9621444892
> -Z5.9892302425110735
-121.4630771933 40.5089943586
-121.4674406217 40.4658272406
-121.42820857909999 40.4091417171
> -Z4.612775446433167
-121.4674406217 40.4658272406
-121.52575478680001 40.4561285746
-121.42820857909999 40.4091417171
> -Z4.260388128323978
-122.74264230840001 38.2981444852
-122.81625819589999 38.1857171497
-122.6074507415 38.2598750312
> -Z4.122630230261306
-122.81625819589999 38.1857171497
-122.5263198618 38.033180082
-122.6074507415 38.2598750312
> -Z4.646567303525034
-122.5263198618 38.033180082
-122.81625819589999 38.1857171497
-122.9081421384 38.1229378041
> -Z4.759092293814541
-122.81625819589999 38.1857171497
-123.0688881081 38.3136641315
-122.9081421384 38.1229378041
> -Z4.416694146711162
-123.0688881081 38.3136641315
-122.81625819589999 38.1857171497
-122.74264230840001 38.2981444852
> -Z5.047580456062977
-122.9593087081 38.6646662454
-122.71053419360001 38.6665004776
-122.91700544099999 38.8661131887
> -Z4.738014262025124
-122.71053419360001 38.6665004776
-122.9593087081 38.6646662454
-122.76738651529999 38.428561866
> -Z2.973036242467008
-121.7145501281 38.657350837
-121.6464116027 38.4735266527
-121.0951654831 38.6453082246
> -Z1.7035490080618432
-121.6464116027 38.4735266527
-121.2145867079 38.3215294865
-121.0951654831 38.6453082246
> -Z2.4139462068387516
-121.6464116027 38.4735266527
-121.46051266539999 38.2831237667
-121.2145867079 38.3215294865
> -Z4.2513825359939466
-122.49600070380001 38.4235814159
-122.19533008280001 38.4442152925
-122.4291765579 38.5776949472
> -Z4.41821238221977
-122.19533008280001 38.4442152925
-122.35455414200001 38.9995257546
-122.4291765579 38.5776949472
> -Z4.317297557835973
-122.45170250659999 38.2398318428
-122.19533008280001 38.4442152925
-122.49600070380001 38.4235814159
> -Z4.874878311721829
-123.6025420814 39.3524780359
-123.5181530909 39.1501795057
-123.3718541611 39.4523699658
> -Z5.424801875727642
-121.7139606611 37.2035152059
-121.65063300450001 37.1044979052
-121.57426030139999 37.2130116079
> -Z4.658749341675208
-122.5034388348 38.2636926634
-122.49600070380001 38.4235814159
-122.6074507415 38.2598750312
> -Z3.78069117942231
-122.5034388348 38.2636926634
-122.45170250659999 38.2398318428
-122.49600070380001 38.4235814159
> -Z4.535159172393078
-122.5263198618 38.033180082
-122.5034388348 38.2636926634
-122.6074507415 38.2598750312
> -Z3.990066313569996
-122.5034388348 38.2636926634
-122.5263198618 38.033180082
-122.45170250659999 38.2398318428
> -Z4.0716694688626855
-122.2190605047 37.8638970486
-121.9779566853 37.7494357983
-122.09614440429999 38.025148976
> -Z4.468650180543198
-122.5263198618 38.033180082
-122.21754011869999 38.1529608628
-122.45170250659999 38.2398318428
> -Z4.473066404210674
-122.21754011869999 38.1529608628
-122.19533008280001 38.4442152925
-122.45170250659999 38.2398318428
> -Z3.704109281460743
-122.21754011869999 38.1529608628
-122.2190605047 37.8638970486
-122.09614440429999 38.025148976
> -Z3.4733127558808548
-122.19533008280001 38.4442152925
-122.21754011869999 38.1529608628
-121.9469409429 38.3945313025
> -Z3.8802268506084956
-122.099779708 37.7220548152
-122.0583285802 37.7138664271
-121.9779566853 37.7494357983
> -Z3.3616889087761086
-122.099779708 37.7220548152
-122.2190605047 37.8638970486
-122.1193098407 37.724115431
> -Z4.2613659433429225
-122.2190605047 37.8638970486
-122.099779708 37.7220548152
-121.9779566853 37.7494357983
> -Z3.322355327992754
-121.73184282829999 36.8161383704
-121.86273444860001 36.9620114053
-121.90541096679999 36.6216778057
> -Z4.132538564310886
-122.2142850198 37.3298883437
-122.2848218412 37.342491096
-122.3668841999 37.192373542
> -Z4.5840622326721165
-122.2848218412 37.342491096
-122.3571407981 37.4717736909
-122.3668841999 37.192373542
> -Z4.396486089493783
-122.2848218412 37.342491096
-122.2142850198 37.3298883437
-122.2042637696 37.4165180364
> -Z4.705711043970089
-122.3571407981 37.4717736909
-122.2848218412 37.342491096
-122.2042637696 37.4165180364
> -Z3.3936400658971806
-121.46919599840001 37.4896329364
-121.64257844970001 37.3415328606
-121.57426030139999 37.2130116079
> -Z3.3677411369052477
-121.64257844970001 37.3415328606
-121.46919599840001 37.4896329364
-121.65301016430001 37.4784504158
> -Z5.444105092937059
-121.64257844970001 37.3415328606
-121.7139606611 37.2035152059
-121.57426030139999 37.2130116079
> -Z5.130343772505038
-121.64257844970001 37.3415328606
-121.65301016430001 37.4784504158
-121.82558615010001 37.3367765156
> -Z5.377938335317221
-121.7139606611 37.2035152059
-121.64257844970001 37.3415328606
-121.82558615010001 37.3367765156
> -Z2.8450027266724836
-121.3248533206 37.5818855204
-121.46919599840001 37.4896329364
-121.28327242489999 37.3853896231
> -Z3.514285288599251
-121.07155741860001 37.6989823182
-121.3248533206 37.5818855204
-121.10058026050001 37.4330203629
> -Z3.1691714374573965
-121.3248533206 37.5818855204
-121.28327242489999 37.3853896231
-121.10058026050001 37.4330203629
> -Z4.982122980155723
-121.65301016430001 37.4784504158
-121.78959792910001 37.5329751147
-121.82558615010001 37.3367765156
> -Z4.941358196639567
-121.78959792910001 37.5329751147
-121.86686567769999 37.4853261852
-121.82558615010001 37.3367765156
> -Z4.699000236037685
-121.86686567769999 37.4853261852
-121.78959792910001 37.5329751147
-121.9779566853 37.7494357983
> -Z4.401855402981174
-121.9779566853 37.7494357983
-121.86869785370001 37.9756089961
-122.09614440429999 38.025148976
> -Z3.9764661699083135
-121.6869369259 37.601836464
-121.78959792910001 37.5329751147
-121.65301016430001 37.4784504158
> -Z4.24606315483396
-121.34795046779999 36.8114501694
-121.2684383779 36.9500358199
-121.3351529027 36.9181894594
> -Z4.439309340292434
-121.34795046779999 36.8114501694
-121.0644115886 36.6116456136
-121.2684383779 36.9500358199
> -Z5.903904271812705
-121.34795046779999 36.8114501694
-121.42028460789999 36.80042697
-121.3868307178 36.6370246433
> -Z5.440494137588369
-121.5420336588 37.0078074848
-121.3545177101 37.0108240402
-121.57426030139999 37.2130116079
> -Z5.421784874811577
-121.65063300450001 37.1044979052
-121.5420336588 37.0078074848
-121.57426030139999 37.2130116079
> -Z5.674456674655423
-121.3545177101 37.0108240402
-121.4631837117 36.9539324068
-121.3351529027 36.9181894594
> -Z3.559401279506626
-121.4631837117 36.9539324068
-121.5420336588 37.0078074848
-121.54778783770001 36.9624630704
> -Z5.532713989505424
-121.5420336588 37.0078074848
-121.4631837117 36.9539324068
-121.3545177101 37.0108240402
> -Z3.1045339322569485
-122.97575423590001 39.6213816339
-122.73587203189999 39.4935925265
-122.87363753259999 39.7261905448
> -Z4.438241139603157
-122.97575423590001 39.6213816339
-122.96306509280001 39.3981242279
-122.73587203189999 39.4935925265
> -Z2.959940188928257
-122.9637566888 39.8456805102
-122.97575423590001 39.6213816339
-122.87363753259999 39.7261905448
> -Z3.745166038174977
-122.97575423590001 39.6213816339
-122.9637566888 39.8456805102
-123.2950793023 39.7070973257
> -Z4.421662672216707
-123.20404827690001 39.2419558575
-123.3484295753 38.9874495699
-123.0747277415 38.9951846956
> -Z4.596601630374075
-123.5181530909 39.1501795057
-123.20404827690001 39.2419558575
-123.3718541611 39.4523699658
> -Z4.498735414977718
-123.3484295753 38.9874495699
-123.20404827690001 39.2419558575
-123.5181530909 39.1501795057
> -Z4.002286340842494
-123.8814598985 40.6686381167
-123.86328112179999 40.8802331218
-123.96765256130001 40.7911453506
> -Z4.154111672404873
-123.8814598985 40.6686381167
-123.6989304958 40.5753144942
-123.86328112179999 40.8802331218
> -Z1.454360501344033
-122.6563714223 42.190987492
-123.38342009690001 42.5035250831
-123.36005021119999 41.8070831946
> -Z1.055426417437259
-123.23099882029999 42.6916104026
-123.38342009690001 42.5035250831
-122.6563714223 42.190987492
> -Z2.828924215252579
-123.38342009690001 42.5035250831
-123.23099882029999 42.6916104026
-124.41329712640001 42.4420164622
> -Z4.309649768949358
-123.90611752820001 40.0244433
-123.8532648906 40.245549453
-124.05729013160001 40.2195723201
> -Z4.802278738923143
-123.90611752820001 40.0244433
-124.05729013160001 40.2195723201
-124.3080740321 40.2475475532
> -Z4.485436808140437
-123.90611752820001 40.0244433
-123.71689708939999 39.8635836474
-123.69334060770001 40.1192568889
> -Z4.368540723595824
-123.8532648906 40.245549453
-123.90611752820001 40.0244433
-123.69334060770001 40.1192568889
> -Z4.31680647414945
-123.90611752820001 40.0244433
-123.69837559480001 39.5291794951
-123.71689708939999 39.8635836474
> -Z4.533235336808199
-124.10720816130001 40.4224910882
-124.2827821464 40.5047877593
-124.3080740321 40.2475475532
> -Z5.869659877328217
-124.3080740321 40.2475475532
-124.2827821464 40.5047877593
-124.41329712640001 42.4420164622
> -Z4.922430765053166
-124.2827821464 40.5047877593
-124.2551996174 41.782741502
-124.41329712640001 42.4420164622
> -Z5.5048757543599525
-124.2827821464 40.5047877593
-124.2370365047 40.6910953818
-124.2551996174 41.782741502
> -Z4.105261891036985
-123.394947721 39.8972210422
-123.58184896149999 39.6856645614
-123.2950793023 39.7070973257
> -Z4.141053478318489
-123.69837559480001 39.5291794951
-123.58184896149999 39.6856645614
-123.71689708939999 39.8635836474
> -Z3.47161300258682
-122.19091209729999 41.4791773955
-122.0676778827 41.4095919274
-122.0926636756 41.4537339971
> -Z2.4376947694135582
-122.19091209729999 41.4791773955
-122.20632204500001 41.2944862934
-122.0676778827 41.4095919274
> -Z1.4323139007996741
-122.7107358769 41.731655598
-123.1887862106 41.2724354316
-122.41488452589999 40.997632759
> -Z1.3966787878221956
-123.1887862106 41.2724354316
-122.7107358769 41.731655598
-123.36005021119999 41.8070831946
> -Z0.7189505712216597
-122.7107358769 41.731655598
-122.6563714223 42.190987492
-123.36005021119999 41.8070831946
> -Z1.0648037437558606
-122.7107358769 41.731655598
-122.42045610279999 41.8308162755
-122.6563714223 42.190987492
> -Z2.211936732466505
-123.17450431290001 40.5466509228
-122.86880497269999 40.2961894069
-122.9230289091 40.7475534711
> -Z2.8581377942927677
-123.13558202339999 40.3240694224
-122.86880497269999 40.2961894069
-123.17450431290001 40.5466509228
> -Z1.8015934346110674
-122.9230289091 40.7475534711
-122.86880497269999 40.2961894069
-122.6069004677 40.6506567125
> -Z2.099741567740456
-122.86880497269999 40.2961894069
-122.54065013850001 40.5801008661
-122.6069004677 40.6506567125
> -Z1.224899496057794
-122.86880497269999 40.2961894069
-122.6682500076 40.0341111728
-122.54065013850001 40.5801008661
> -Z1.0673218226166172
-122.86880497269999 40.2961894069
-122.9637566888 39.8456805102
-122.6682500076 40.0341111728
> -Z2.3709749097163453
-122.9637566888 39.8456805102
-122.86880497269999 40.2961894069
-123.18248187859999 39.9621444892
> -Z2.612603268545715
-122.86880497269999 40.2961894069
-123.13558202339999 40.3240694224
-123.18248187859999 39.9621444892
> -Z6.119080447967177
-121.4959050134 40.4731965469
-121.4674406217 40.4658272406
-121.4630771933 40.5089943586
> -Z5.247235932613623
-121.5771966289 40.5399057768
-121.4959050134 40.4731965469
-121.4630771933 40.5089943586
> -Z4.482812638151414
-122.71053419360001 38.6665004776
-122.5757939845 38.7778176479
-122.91700544099999 38.8661131887
> -Z4.4831852848055975
-122.91700544099999 38.8661131887
-122.5757939845 38.7778176479
-122.7185681608 39.2600453511
> -Z4.413017546886236
-122.5757939845 38.7778176479
-122.35455414200001 38.9995257546
-122.7185681608 39.2600453511
> -Z4.2100701313742395
-122.35455414200001 38.9995257546
-122.5757939845 38.7778176479
-122.4291765579 38.5776949472
> -Z3.661427488881321
-122.6584350144 38.5598067234
-122.49600070380001 38.4235814159
-122.4291765579 38.5776949472
> -Z3.8009165842744728
-122.5757939845 38.7778176479
-122.6584350144 38.5598067234
-122.4291765579 38.5776949472
> -Z3.8892973424322004
-122.6584350144 38.5598067234
-122.5757939845 38.7778176479
-122.71053419360001 38.6665004776
> -Z4.578364068172827
-122.49600070380001 38.4235814159
-122.6584350144 38.5598067234
-122.76738651529999 38.428561866
> -Z4.838989732836364
-122.6584350144 38.5598067234
-122.71053419360001 38.6665004776
-122.76738651529999 38.428561866
> -Z3.409120947393741
-121.95419512020001 38.5301858671
-122.19533008280001 38.4442152925
-121.9469409429 38.3945313025
> -Z3.368023878067512
-122.19533008280001 38.4442152925
-121.95419512020001 38.5301858671
-122.35455414200001 38.9995257546
> -Z3.1193532817201604
-121.95419512020001 38.5301858671
-121.7145501281 38.657350837
-121.94306295780001 39.1454821353
> -Z2.48226940794515
-122.35455414200001 38.9995257546
-121.95419512020001 38.5301858671
-121.94306295780001 39.1454821353
> -Z4.614946756592767
-123.6025420814 39.3524780359
-123.74933661189999 39.261304435
-123.5181530909 39.1501795057
> -Z4.527072009242586
-123.74933661189999 39.261304435
-123.6025420814 39.3524780359
-123.69837559480001 39.5291794951
> -Z4.827429009771824
-123.74933661189999 39.261304435
-124.3080740321 40.2475475532
-123.72619817649999 38.9283474536
> -Z4.307677108224071
-123.74933661189999 39.261304435
-123.90611752820001 40.0244433
-124.3080740321 40.2475475532
> -Z4.058204321016171
-123.90611752820001 40.0244433
-123.74933661189999 39.261304435
-123.69837559480001 39.5291794951
> -Z4.303251437073449
-121.76295055130001 37.0487860232
-121.65063300450001 37.1044979052
-121.7139606611 37.2035152059
> -Z5.034303144643936
-121.76295055130001 37.0487860232
-121.99083726570001 37.2017134269
-121.7965697635 37.0010211033
> -Z4.238198936198817
-121.76295055130001 37.0487860232
-121.7139606611 37.2035152059
-121.99083726570001 37.2017134269
> -Z4.650126591946689
-122.37675617279999 37.9145458788
-122.21754011869999 38.1529608628
-122.5263198618 38.033180082
> -Z4.847375589336474
-122.21754011869999 38.1529608628
-122.37675617279999 37.9145458788
-122.2190605047 37.8638970486
> -Z4.017912938824388
-122.37675617279999 37.9145458788
-122.5263198618 38.033180082
-122.45815133400001 37.7629691398
> -Z4.662080583053872
-122.2190605047 37.8638970486
-122.37675617279999 37.9145458788
-122.45815133400001 37.7629691398
> -Z5.027077134103256
-122.0583285802 37.7138664271
-122.1406294384 37.652652506
-122.08326460640001 37.5392403708
> -Z4.716404780010399
-122.099779708 37.7220548152
-122.1406294384 37.652652506
-122.0583285802 37.7138664271
> -Z4.57995004661499
-122.1406294384 37.652652506
-122.099779708 37.7220548152
-122.1193098407 37.724115431
> -Z4.215458927656494
-122.1406294384 37.652652506
-122.3323649649 37.5345199606
-122.08326460640001 37.5392403708
> -Z4.102982664311204
-122.3323649649 37.5345199606
-122.1406294384 37.652652506
-122.45815133400001 37.7629691398
> -Z5.3961759429917
-122.2190605047 37.8638970486
-122.1406294384 37.652652506
-122.1193098407 37.724115431
> -Z4.524326214759352
-122.1406294384 37.652652506
-122.2190605047 37.8638970486
-122.45815133400001 37.7629691398
> -Z4.330747179035658
-121.86273444860001 36.9620114053
-121.69803881249999 36.8791769855
-121.7965697635 37.0010211033
> -Z2.907970562644187
-121.73184282829999 36.8161383704
-121.69803881249999 36.8791769855
-121.86273444860001 36.9620114053
> -Z1.770231261617381
-121.8435269597 38.1839685372
-121.60483985260001 37.9319647791
-121.46051266539999 38.2831237667
> -Z3.1968911635442385
-121.8435269597 38.1839685372
-121.86869785370001 37.9756089961
-121.60483985260001 37.9319647791
> -Z4.324301603541577
-121.86869785370001 37.9756089961
-121.8435269597 38.1839685372
-122.09614440429999 38.025148976
> -Z3.9303134698011117
-121.8435269597 38.1839685372
-122.21754011869999 38.1529608628
-122.09614440429999 38.025148976
> -Z3.9733349469674715
-122.21754011869999 38.1529608628
-121.8435269597 38.1839685372
-121.9469409429 38.3945313025
> -Z2.6292430014723354
-121.60483985260001 37.9319647791
-121.46403544169999 37.7552910664
-121.3880782151 38.1158128469
> -Z1.6622888530607554
-121.46403544169999 37.7552910664
-121.07155741860001 37.6989823182
-121.3880782151 38.1158128469
> -Z2.746573575844743
-121.46403544169999 37.7552910664
-121.3248533206 37.5818855204
-121.07155741860001 37.6989823182
> -Z4.6024707925747625
-121.78959792910001 37.5329751147
-121.78640005739999 37.8189649296
-121.9779566853 37.7494357983
> -Z3.834034457387108
-121.6869369259 37.601836464
-121.78640005739999 37.8189649296
-121.78959792910001 37.5329751147
> -Z4.570199731109527
-121.78640005739999 37.8189649296
-121.86869785370001 37.9756089961
-121.9779566853 37.7494357983
> -Z3.3966813508673828
-121.86869785370001 37.9756089961
-121.78640005739999 37.8189649296
-121.60483985260001 37.9319647791
> -Z5.535911769307104
-121.18843359819999 36.5595188273
-121.34795046779999 36.8114501694
-121.3868307178 36.6370246433
> -Z6.183559397590545
-121.34795046779999 36.8114501694
-121.18843359819999 36.5595188273
-121.0644115886 36.6116456136
> -Z6.221377353200875
-121.0644115886 36.6116456136
-121.18843359819999 36.5595188273
-120.8530565232 36.5159093243
> -Z7.5722580368411565
-121.18843359819999 36.5595188273
-121.90541096679999 36.6216778057
-120.8530565232 36.5159093243
> -Z2.7364588862458854
-121.18843359819999 36.5595188273
-121.3868307178 36.6370246433
-121.90541096679999 36.6216778057
> -Z4.036881624194899
-123.18678606980001 39.4928276745
-123.2950793023 39.7070973257
-123.3718541611 39.4523699658
> -Z4.864599186052397
-123.18678606980001 39.4928276745
-122.97575423590001 39.6213816339
-123.2950793023 39.7070973257
> -Z3.7764780510745943
-123.20404827690001 39.2419558575
-123.18678606980001 39.4928276745
-123.3718541611 39.4523699658
> -Z3.9024714066936093
-123.6989304958 40.5753144942
-123.8801772978 40.5437049348
-123.8628283553 40.4351839266
> -Z3.772628266742431
-123.8814598985 40.6686381167
-123.8801772978 40.5437049348
-123.6989304958 40.5753144942
> -Z2.576337715707353
-123.8801772978 40.5437049348
-124.10720816130001 40.4224910882
-123.8628283553 40.4351839266
> -Z4.193270311112381
-124.2827821464 40.5047877593
-124.2130857029 40.6373636896
-124.2370365047 40.6910953818
> -Z4.344830088753295
-124.2370365047 40.6910953818
-124.2130857029 40.6373636896
-123.96765256130001 40.7911453506
> -Z2.1210617098049585
-123.68557118940001 42.0989724011
-123.9807895667 41.8454853037
-123.36005021119999 41.8070831946
> -Z3.0876591451626965
-123.68557118940001 42.0989724011
-124.22578821740001 42.2091045552
-123.9807895667 41.8454853037
> -Z4.989807747752548
-123.2950793023 39.7070973257
-123.5645457558 39.5542892552
-123.3718541611 39.4523699658
> -Z4.954632618581868
-123.58184896149999 39.6856645614
-123.5645457558 39.5542892552
-123.2950793023 39.7070973257
> -Z4.396525744603775
-123.5645457558 39.5542892552
-123.58184896149999 39.6856645614
-123.69837559480001 39.5291794951
> -Z4.745933481216299
-123.5645457558 39.5542892552
-123.6025420814 39.3524780359
-123.3718541611 39.4523699658
> -Z4.1760410081398005
-123.6025420814 39.3524780359
-123.5645457558 39.5542892552
-123.69837559480001 39.5291794951
> -Z4.713614716708423
-123.58184896149999 39.6856645614
-123.5518509176 39.9056708313
-123.71689708939999 39.8635836474
> -Z4.857358750736033
-123.5518509176 39.9056708313
-123.58184896149999 39.6856645614
-123.394947721 39.8972210422
> -Z4.609767455546703
-123.5518509176 39.9056708313
-123.394947721 39.8972210422
-123.4520465242 40.0822151161
> -Z4.5724126372357485
-123.71689708939999 39.8635836474
-123.5518509176 39.9056708313
-123.69334060770001 40.1192568889
> -Z3.162824510311836
-123.5518509176 39.9056708313
-123.4520465242 40.0822151161
-123.69334060770001 40.1192568889
> -Z3.3699313131802815
-122.1529227929 41.5319401894
-122.19091209729999 41.4791773955
-122.0926636756 41.4537339971
> -Z1.4978622197935418
-122.42045610279999 41.8308162755
-122.1529227929 41.5319401894
-121.77969763639999 42.2596708008
> -Z2.6211585156476866
-121.6130149482 41.5858237336
-122.1529227929 41.5319401894
-122.0926636756 41.4537339971
> -Z2.3285202408831758
-121.77969763639999 42.2596708008
-122.1529227929 41.5319401894
-121.6130149482 41.5858237336
> -Z2.4804247271768816
-122.20632204500001 41.2944862934
-122.29384844180001 41.3812397234
-122.41488452589999 40.997632759
> -Z1.7417533084150627
-122.29384844180001 41.3812397234
-122.7107358769 41.731655598
-122.41488452589999 40.997632759
> -Z2.8682060707238586
-122.19091209729999 41.4791773955
-122.29384844180001 41.3812397234
-122.20632204500001 41.2944862934
> -Z5.817812386327828
-121.4674406217 40.4658272406
-121.5145096251 40.4653461387
-121.52575478680001 40.4561285746
> -Z5.980696772180228
-121.4959050134 40.4731965469
-121.5145096251 40.4653461387
-121.4674406217 40.4658272406
> -Z5.254117236844038
-121.52575478680001 40.4561285746
-121.5145096251 40.4653461387
-121.5771966289 40.5399057768
> -Z5.072979018319558
-121.5145096251 40.4653461387
-121.4959050134 40.4731965469
-121.5771966289 40.5399057768
> -Z4.5528977978426814
-123.5181530909 39.1501795057
-123.70893845169999 39.1171661162
-123.72619817649999 38.9283474536
> -Z5.06776930935942
-123.70893845169999 39.1171661162
-123.74933661189999 39.261304435
-123.72619817649999 38.9283474536
> -Z4.440690847959861
-123.74933661189999 39.261304435
-123.70893845169999 39.1171661162
-123.5181530909 39.1501795057
> -Z4.522020901525341
-121.55446130639999 36.9035456928
-121.4631837117 36.9539324068
-121.54778783770001 36.9624630704
> -Z5.036536014342288
-121.69803881249999 36.8791769855
-121.55446130639999 36.9035456928
-121.54778783770001 36.9624630704
> -Z5.537772526176329
-121.55446130639999 36.9035456928
-121.69803881249999 36.8791769855
-121.59122650520001 36.8585269973
> -Z2.7076823951666333
-121.3868307178 36.6370246433
-121.57904239199999 36.7240210951
-121.90541096679999 36.6216778057
> -Z3.466083216299478
-121.57904239199999 36.7240210951
-121.73184282829999 36.8161383704
-121.90541096679999 36.6216778057
> -Z4.329418907283781
-121.76295055130001 37.0487860232
-121.72620822249999 37.0024268464
-121.65063300450001 37.1044979052
> -Z4.968497752239
-121.72620822249999 37.0024268464
-121.69803881249999 36.8791769855
-121.54778783770001 36.9624630704
> -Z5.09065144917082
-121.72620822249999 37.0024268464
-121.76295055130001 37.0487860232
-121.7965697635 37.0010211033
> -Z4.973446405018806
-121.69803881249999 36.8791769855
-121.72620822249999 37.0024268464
-121.7965697635 37.0010211033
> -Z4.059165073539213
-121.5420336588 37.0078074848
-121.72620822249999 37.0024268464
-121.54778783770001 36.9624630704
> -Z4.744984201221478
-121.72620822249999 37.0024268464
-121.5420336588 37.0078074848
-121.65063300450001 37.1044979052
> -Z3.0574495437241542
-121.6464116027 38.4735266527
-121.8232348466 38.3803358847
-121.46051266539999 38.2831237667
> -Z0.9636508396829002
-121.8232348466 38.3803358847
-121.8435269597 38.1839685372
-121.46051266539999 38.2831237667
> -Z3.0559144654534345
-121.8435269597 38.1839685372
-121.8232348466 38.3803358847
-121.9469409429 38.3945313025
> -Z4.121845093805194
-121.8232348466 38.3803358847
-121.95419512020001 38.5301858671
-121.9469409429 38.3945313025
> -Z3.6634463220160676
-121.8232348466 38.3803358847
-121.6464116027 38.4735266527
-121.7145501281 38.657350837
> -Z2.877194718507724
-121.95419512020001 38.5301858671
-121.8232348466 38.3803358847
-121.7145501281 38.657350837
> -Z3.6582476008847067
-121.5582682196 37.6665076938
-121.78640005739999 37.8189649296
-121.6869369259 37.601836464
> -Z2.8581879342880976
-121.5582682196 37.6665076938
-121.46403544169999 37.7552910664
-121.60483985260001 37.9319647791
> -Z2.5779297559172045
-121.78640005739999 37.8189649296
-121.5582682196 37.6665076938
-121.60483985260001 37.9319647791
> -Z3.766365798492337
-121.46919599840001 37.4896329364
-121.5582682196 37.6665076938
-121.65301016430001 37.4784504158
> -Z3.92583153643979
-121.5582682196 37.6665076938
-121.6869369259 37.601836464
-121.65301016430001 37.4784504158
> -Z2.7518339714916964
-121.3248533206 37.5818855204
-121.5582682196 37.6665076938
-121.46919599840001 37.4896329364
> -Z3.3458567206594036
-121.46403544169999 37.7552910664
-121.5582682196 37.6665076938
-121.3248533206 37.5818855204
> -Z5.742501061006742
-122.97575423590001 39.6213816339
-123.0498234202 39.4093394832
-122.96306509280001 39.3981242279
> -Z4.1337469621207354
-123.18678606980001 39.4928276745
-123.0498234202 39.4093394832
-122.97575423590001 39.6213816339
> -Z2.8199338349662457
-124.13327105619999 40.551252625
-123.8801772978 40.5437049348
-123.8814598985 40.6686381167
> -Z3.213490978766581
-124.13327105619999 40.551252625
-123.8814598985 40.6686381167
-123.96765256130001 40.7911453506
> -Z4.237189696546249
-124.2130857029 40.6373636896
-124.13327105619999 40.551252625
-123.96765256130001 40.7911453506
> -Z3.774322612264987
-123.8801772978 40.5437049348
-124.13327105619999 40.551252625
-124.10720816130001 40.4224910882
> -Z3.534904571783325
-124.13327105619999 40.551252625
-124.2827821464 40.5047877593
-124.10720816130001 40.4224910882
> -Z4.262779514026057
-124.13327105619999 40.551252625
-124.2130857029 40.6373636896
-124.2827821464 40.5047877593
> -Z2.0531856491540883
-123.38342009690001 42.5035250831
-123.63226304419999 42.2753563196
-123.36005021119999 41.8070831946
> -Z2.178519459867454
-123.63226304419999 42.2753563196
-123.68557118940001 42.0989724011
-123.36005021119999 41.8070831946
> -Z3.071885291118986
-123.68557118940001 42.0989724011
-123.63226304419999 42.2753563196
-124.22578821740001 42.2091045552
> -Z3.427205322666444
-124.22578821740001 42.2091045552
-123.63226304419999 42.2753563196
-124.41329712640001 42.4420164622
> -Z3.240437462490248
-123.63226304419999 42.2753563196
-123.38342009690001 42.5035250831
-124.41329712640001 42.4420164622
> -Z1.179491984712338
-122.7107358769 41.731655598
-122.31267055859999 41.4635984621
-122.42045610279999 41.8308162755
> -Z2.319231988878504
-122.29384844180001 41.3812397234
-122.31267055859999 41.4635984621
-122.7107358769 41.731655598
> -Z2.1403751578633643
-122.31267055859999 41.4635984621
-122.29384844180001 41.3812397234
-122.19091209729999 41.4791773955
> -Z1.8376389630111662
-122.31267055859999 41.4635984621
-122.1529227929 41.5319401894
-122.42045610279999 41.8308162755
> -Z2.9087042640995437
-122.1529227929 41.5319401894
-122.31267055859999 41.4635984621
-122.19091209729999 41.4791773955
> -Z5.151274640600095
-121.55446130639999 36.9035456928
-121.45276893370001 36.8490804931
-121.4631837117 36.9539324068
> -Z5.801356663630676
-121.4631837117 36.9539324068
-121.45276893370001 36.8490804931
-121.3351529027 36.9181894594
> -Z5.725101801909613
-121.45276893370001 36.8490804931
-121.34795046779999 36.8114501694
-121.3351529027 36.9181894594
> -Z6.027140711705758
-121.34795046779999 36.8114501694
-121.45276893370001 36.8490804931
-121.42028460789999 36.80042697
> -Z3.988222959428921
-121.57904239199999 36.7240210951
-121.5808322364 36.7994771075
-121.73184282829999 36.8161383704
> -Z4.026102346586927
-121.5808322364 36.7994771075
-121.69803881249999 36.8791769855
-121.73184282829999 36.8161383704
> -Z4.162000482752164
-121.69803881249999 36.8791769855
-121.5808322364 36.7994771075
-121.59122650520001 36.8585269973
> -Z4.573321128115135
-123.1051897804 39.3197284241
-123.18678606980001 39.4928276745
-123.20404827690001 39.2419558575
> -Z5.928935437670352
-123.1051897804 39.3197284241
-123.0498234202 39.4093394832
-123.18678606980001 39.4928276745
> -Z5.188718112681705
-123.0498234202 39.4093394832
-123.1051897804 39.3197284241
-122.96306509280001 39.3981242279
> -Z3.936250023197528
-122.96306509280001 39.3981242279
-123.1051897804 39.3197284241
-123.0747277415 38.9951846956
> -Z4.331653662910085
-123.1051897804 39.3197284241
-123.20404827690001 39.2419558575
-123.0747277415 38.9951846956
> -Z4.531835254046852
-121.5808322364 36.7994771075
-121.54154190290001 36.8142731522
-121.59122650520001 36.8585269973
> -Z5.738897278442794
-121.54154190290001 36.8142731522
-121.55446130639999 36.9035456928
-121.59122650520001 36.8585269973
> -Z5.925074765770966
-121.54154190290001 36.8142731522
-121.45276893370001 36.8490804931
-121.55446130639999 36.9035456928
> -Z4.457833928903768
-121.54154190290001 36.8142731522
-121.5808322364 36.7994771075
-121.57904239199999 36.7240210951
> -Z5.814226446999133
-121.45276893370001 36.8490804931
-121.478763517 36.744336492
-121.42028460789999 36.80042697
> -Z5.716214966367848
-121.54154190290001 36.8142731522
-121.478763517 36.744336492
-121.45276893370001 36.8490804931
> -Z2.963829808309944
-121.478763517 36.744336492
-121.54154190290001 36.8142731522
-121.57904239199999 36.7240210951
> -Z5.820167019553532
-121.42028460789999 36.80042697
-121.478763517 36.744336492
-121.3868307178 36.6370246433
> -Z2.8422771943134655
-121.478763517 36.744336492
-121.57904239199999 36.7240210951
-121.3868307178 36.6370246433
